21646 10
21647 1
21648 10
21646 100
21652 1
21653 1
21654 1
21655 1
21656 10
21912 10
21913 1
21914 10
21915 10
21916 10
21917 10
22002 100
22003 1
22004 10
22005 1
21912 10
21913 1
21914 10
21915 10
21916 10
21917 10
22002 100
22003 1
22004 10
22005 1
22006 1
22906 10
22907 10
22908 10
22909 10
22911 10
22912 10
22917 10
23506 100
23507 10
23508 10
23513 1
23514 10
23510 10
23511 1
23512 10
23514 100
23515 10
23516 10
23517 10
23555 10
23556 10
23557 10
23558 10
23559 10
23562 10
23563 10
23564 100
23565 10
23566 1
23567 10
23568 1
23569 10